1.000000000000000000e+00 7.118700000000000045e+02 5.273600000000000136e+02 6.144600000000000364e+02 5.727138100000000122e+03
2.000000000000000000e+00 5.480000000000000000e+02 5.978000000000000114e+01 3.572733000000000061e+02 4.542602199999999721e+04
3.000000000000000000e+00 5.299099999999999682e+02 2.778799999999999955e+02 4.147300000000000182e+02 1.082131459999999970e+04
4.000000000000000000e+00 4.784399999999999977e+02 1.869000000000000057e+02 3.733133000000000266e+02 1.746968969999999899e+04
5.000000000000000000e+00 5.373899999999999864e+02 2.386299999999999955e+02 4.187866999999999962e+02 1.677066270000000077e+04
6.000000000000000000e+00 4.305699999999999932e+02 2.563999999999999773e+02 3.464132999999999925e+02 5.073015099999999620e+03
7.000000000000000000e+00 8.626200000000000045e+02 5.212200000000000273e+02 6.492100000000000364e+02 2.307394819999999891e+04
8.000000000000000000e+00 5.199500000000000455e+02 3.752900000000000205e+02 4.385600000000000023e+02 3.651919800000000123e+03
9.000000000000000000e+00 4.508799999999999955e+02 2.649599999999999795e+02 3.805432999999999879e+02 6.784671500000000378e+03
1.000000000000000000e+01 6.111799999999999500e+02 2.843700000000000045e+02 4.225867000000000075e+02 1.906970030000000042e+04
